#cento e vinte  120

15432.967
0.092,0.095,0.089,0.092,0.089,0.092,0.088,0.09,0.094,0.09,0.098,0.09,0.09,0.085,0.094,0.097,0.087,0.095,0.093,0.088,0.082,0.097,0.094,0.083,0.089,0.092,0.089,0.097,0.088,0.093,0.081,0.091,0.085,0.078,0.09,0.085,0.089,0.102,0.1,0.092,0.097,0.094,0.095,0.091,0.091,0.092,0.094,0.091,0.085,0.097,0.095,0.091,0.083,0.089,0.093,0.089,0.103,0.091,0.097,0.093,0.093,0.098,0.088,0.094,0.085,0.089,0.091,0.09,0.099,0.093,0.086,0.078,0.099,0.087,0.095,0.091,0.088,0.085,0.085,0.087,0.094,0.101,0.088,0.091,0.091,0.097,0.091,0.095,0.082,0.09,0.093,0.086,0.087,0.097,0.089,0.096,0.094,0.088,0.09,0.09,0.095,0.096,0.091,0.093,0.086,0.094,0.089,0.096,0.089,0.095,0.093,0.091,0.094,0.101,0.095,0.088,0.087,0.079,0.101,0.084
0.088,0.088,0.093,0.094,0.092,0.087,0.087,0.082,0.081,0.096,0.095,0.079,0.097,0.093,0.087,0.092,0.091,0.091,0.081,0.095,0.093,0.093,0.086,0.096,0.076,0.098,0.102,0.106,0.089,0.098,0.099,0.089,0.091,0.085,0.095,0.089,0.087,0.097,0.089,0.094,0.09,0.092,0.089,0.089,0.087,0.093,0.089,0.091,0.09,0.094,0.096,0.095,0.092,0.088,0.089,0.1,0.09,0.093,0.09,0.092,0.092,0.091,0.083,0.091,0.086,0.093,0.097,0.089,0.101,0.093,0.096,0.088,0.095,0.093,0.089,0.095,0.089,0.083,0.084,0.087,0.09,0.089,0.095,0.088,0.094,0.091,0.094,0.09,0.079,0.09,0.093,0.094,0.088,0.084,0.096,0.089,0.098,0.092,0.09,0.09,0.091,0.104,0.094,0.096,0.091,0.087,0.088,0.094,0.094,0.089,0.09,0.085,0.093,0.097,0.093,0.092,0.098,0.089,0.076,0.093
1573.299
-0.037,0.004,-0.085,-0.103,-0.072,0.007,-0.207,0.066,0.115,-0.06,0.048,0.021,0.086,0.014,-0.041,-0.042,0.038,0.0,0.05,0.126,0.001,0.004,-0.022,0.016,0.124,0.122,0.067,0.011,0.167,-0.034,-0.063,0.02,0.114,-0.095,-0.207,0.029,-0.069,-0.019,-0.091,-0.136,-0.151,-0.106,-0.111,-0.162,0.086,-0.075,-0.125,0.164,-0.082,-0.083,0.018,-0.006,-0.065,-0.005,0.043,-0.089,-0.091,0.149,0.021,-0.053,-0.027,0.117,-0.001,0.074,-0.081,-0.026,0.031,0.157,-0.019,0.089,0.019,-0.024,0.066,0.045,-0.053,0.12,0.114,-0.22,0.14,0.064,-0.065,0.102,0.094,0.03,0.179,-0.162,0.191,0.004,0.05,-0.108,0.175,0.064,0.207,-0.11,-0.029,-0.135,-0.075,-0.084,0.109,-0.088,-0.021,0.056,0.06,-0.079,-0.108,0.01,0.035,0.08,-0.116,0.05,-0.024,-0.042,0.012,-0.002,-0.046,0.029,-0.069,-0.008,0.13,-0.011
-0.184,0.065,-0.014,-0.018,-0.081,0.057,-0.134,-0.049,0.014,-0.061,0.029,0.035,-0.041,-0.038,-0.188,0.059,0.018,0.0,0.151,-0.079,0.062,0.095,-0.042,0.137,-0.04,0.098,0.105,0.061,-0.115,-0.055,-0.02,0.138,-0.021,-0.06,0.01,0.069,0.005,-0.082,0.097,-0.081,0.038,-0.072,-0.01,-0.096,0.01,0.028,0.027,0.112,-0.156,-0.066,-0.067,0.02,0.086,0.052,-0.05,0.136,0.147,-0.113,0.127,0.046,-0.085,0.1,0.151,-0.105,-0.058,-0.104,0.047,0.108,-0.033,-0.075,-0.112,-0.072,0.052,0.173,-0.012,0.13,0.008,0.167,-0.151,-0.025,-0.042,-0.2,0.057,-0.034,-0.027,0.061,-0.046,0.086,-0.006,0.186,-0.106,-0.018,-0.026,-0.06,0.061,-0.22,-0.02,-0.063,-0.042,-0.021,-0.031,-0.102,0.099,0.072,-0.005,-0.055,-0.03,0.062,0.253,0.087,0.037,0.054,-0.045,-0.137,0.219,-0.068,0.051,-0.092,-0.06,-0.083
1534.745
0.016,0.004,-0.047,0.006,0.118,-0.189,0.075,-0.084,0.098,-0.083,-0.166,0.001,-0.019,0.004,0.129,-0.028,-0.045,0.107,0.007,0.146,0.128,0.04,0.059,-0.053,-0.036,0.067,-0.036,-0.019,0.004,0.001,0.025,-0.014,-0.091,0.036,0.038,0.114,-0.08,-0.012,-0.038,-0.039,0.067,0.091,0.099,0.214,-0.267,0.028,-0.034,-0.104,0.042,0.021,-0.009,-0.157,-0.164,-0.014,0.069,0.028,-0.103,0.133,0.006,-0.006,0.096,0.024,0.0,0.049,0.006,0.065,-0.051,0.174,0.006,0.045,-0.093,0.103,0.099,-0.033,-0.012,-0.191,0.043,0.062,0.093,0.013,-0.192,0.062,-0.045,0.023,-0.004,-0.036,0.001,0.045,-0.083,-0.146,0.031,0.089,0.009,0.075,0.0,0.008,0.166,-0.061,0.026,-0.133,0.142,-0.061,-0.034,0.123,-0.118,0.144,-0.122,0.14,-0.149,-0.256,-0.042,0.045,-0.078,-0.109,0.085,-0.043,-0.153,-0.016,0.089,-0.027
0.057,0.122,-0.018,-0.048,-0.028,-0.056,0.054,-0.063,0.011,-0.104,-0.011,0.106,-0.196,-0.176,0.078,-0.063,-0.054,0.096,0.044,0.068,-0.094,0.081,-0.005,-0.067,0.027,-0.22,-0.006,0.075,-0.149,0.155,-0.02,0.032,-0.023,-0.005,0.066,0.071,-0.035,0.08,0.051,0.03,0.097,0.094,0.074,0.038,-0.03,-0.205,0.073,0.175,-0.048,-0.092,-0.099,0.138,0.205,-0.186,-0.135,0.103,-0.054,-0.003,0.102,-0.068,-0.019,-0.039,-0.035,0.046,-0.111,-0.178,-0.107,0.017,-0.113,0.109,-0.1,-0.008,-0.104,-0.011,0.077,0.013,0.003,-0.188,-0.063,0.059,0.143,0.045,-0.057,0.018,0.115,0.069,0.078,0.006,0.12,-0.098,0.059,0.1,-0.077,-0.004,0.042,0.094,-0.025,0.172,0.164,0.079,0.067,-0.046,-0.091,0.021,-0.028,0.031,-0.02,0.033,0.067,-0.142,0.007,0.087,-0.028,-0.187,0.011,-0.006,0.043,0.083,-0.06,-0.123
1482.86
-0.032,0.133,0.037,0.146,0.059,-0.015,-0.096,0.051,-0.058,0.183,0.09,0.132,-0.127,0.054,0.014,0.124,0.036,-0.026,-0.052,-0.085,0.068,-0.139,0.054,0.138,-0.042,-0.078,-0.002,0.004,0.138,0.025,-0.019,-0.172,-0.089,0.034,-0.048,-0.112,0.139,-0.03,-0.181,0.113,-0.165,0.088,0.08,0.028,-0.124,0.074,0.013,0.11,-0.169,0.026,-0.085,-0.097,0.02,0.035,0.041,-0.015,0.037,0.06,-0.016,0.05,-0.176,-0.009,0.106,-0.147,-0.026,-0.099,-0.022,0.062,-0.079,0.091,-0.011,0.152,-0.138,0.068,-0.039,-0.139,-0.044,-0.033,-0.089,-0.045,-0.053,-0.011,-0.075,0.143,-0.045,-0.119,0.016,0.105,0.032,0.256,0.159,0.099,0.148,-0.062,0.007,0.07,-0.119,0.099,-0.179,-0.09,0.021,0.067,-0.105,0.048,0.068,-0.022,-0.043,0.024,-0.176,-0.045,-0.082,-0.036,-0.02,0.067,0.054,0.04,-0.023,0.055,0.028,0.032
-0.059,0.104,-0.071,0.034,-0.04,0.095,-0.015,0.112,-0.079,-0.064,-0.005,0.006,0.022,-0.09,0.087,0.035,-0.023,0.012,0.018,-0.095,-0.04,-0.079,0.15,-0.108,0.062,0.035,0.06,-0.105,0.183,0.128,0.05,0.102,-0.07,-0.138,-0.014,0.101,-0.111,0.139,0.109,0.139,-0.011,-0.082,-0.164,0.071,-0.058,-0.016,-0.097,-0.069,-0.066,0.056,-0.097,0.193,-0.058,0.02,-0.028,0.12,-0.131,-0.025,-0.042,-0.201,0.103,-0.085,0.007,0.02,0.064,-0.109,-0.06,-0.128,0.045,-0.037,0.088,0.127,-0.186,0.223,-0.027,0.021,-0.004,0.06,-0.143,0.012,0.111,-0.029,-0.024,-0.029,-0.008,0.067,-0.049,-0.137,-0.062,0.166,0.005,-0.137,-0.042,0.06,0.031,-0.082,-0.053,-0.126,-0.059,0.191,0.052,-0.008,-0.016,0.059,0.253,-0.078,0.104,0.012,-0.048,-0.116,0.103,-0.052,-0.022,0.112,-0.079,-0.065,0.077,-0.061,0.06,0.03
1471.57
-0.013,0.125,0.03,-0.055,-0.067,-0.06,0.067,0.026,0.047,0.015,0.016,-0.1,0.019,-0.103,-0.034,-0.179,-0.012,0.062,0.192,0.192,-0.064,0.043,-0.157,0.007,-0.173,0.126,0.123,-0.034,0.077,-0.099,0.154,-0.019,-0.103,0.095,-0.037,0.053,-0.07,-0.083,0.042,-0.046,-0.076,-0.001,0.169,-0.009,0.068,-0.066,0.176,0.076,0.003,0.066,-0.09,-0.075,0.061,-0.035,0.099,0.101,-0.072,0.102,0.117,-0.012,0.057,-0.022,0.027,-0.028,-0.027,-0.176,-0.128,-0.102,0.008,-0.083,-0.101,0.023,-0.051,-0.079,-0.231,0.121,-0.183,-0.009,0.07,0.031,0.03,0.046,-0.037,0.199,-0.024,0.012,-0.089,-0.099,-0.037,-0.002,-0.046,-0.001,0.062,0.049,-0.059,0.119,0.156,0.145,-0.076,-0.106,-0.04,-0.079,-0.029,-0.229,0.091,-0.003,0.158,0.016,-0.05,0.029,-0.012,-0.049,0.109,0.132,0.037,0.067,-0.068,-0.074,-0.051,0.099
0.066,-0.089,-0.064,-0.086,-0.075,-0.135,0.164,0.021,-0.028,-0.034,0.085,-0.183,0.055,0.101,-0.031,0.09,-0.087,-0.058,0.103,-0.08,0.165,0.13,0.113,-0.073,-0.096,-0.207,-0.034,0.113,-0.013,0.032,-0.051,0.024,-0.055,0.09,-0.003,-0.123,0.083,-0.068,0.042,0.107,0.138,0.074,0.159,-0.204,-0.035,-0.006,-0.055,-0.125,-0.054,-0.001,-0.017,0.149,0.061,-0.002,0.034,-0.132,-0.038,-0.043,0.076,-0.025,-0.084,0.049,0.006,0.177,0.026,-0.141,0.065,0.088,0.066,-0.186,0.096,0.12,0.024,0.025,-0.13,0.03,-0.017,0.111,0.029,-0.025,-0.051,-0.032,0.075,-0.036,0.151,-0.066,0.025,-0.031,0.035,-0.052,-0.017,-0.097,0.07,0.052,0.07,-0.031,-0.063,0.06,0.04,0.141,-0.104,-0.112,-0.08,-0.173,0.014,0.048,0.282,0.027,-0.078,0.008,-0.107,-0.143,-0.074,0.031,0.107,0.057,0.048,-0.05,-0.031,-0.087
1436.67
-0.21,-0.039,-0.139,0.076,0.043,-0.023,-0.039,-0.003,-0.042,0.007,0.09,0.072,0.014,-0.037,0.277,0.085,-0.035,-0.202,-0.13,0.031,-0.037,-0.021,0.003,0.156,0.198,0.082,0.101,0.192,0.047,0.023,0.009,0.096,0.086,0.028,-0.058,-0.007,0.024,-0.076,-0.001,-0.206,-0.113,-0.024,-0.084,0.089,0.014,0.034,0.074,-0.01,0.018,0.11,-0.068,0.006,0.115,-0.12,0.058,0.11,-0.082,-0.197,0.128,-0.122,0.041,-0.014,-0.08,0.13,0.04,0.115,0.021,0.036,0.194,-0.027,-0.064,0.133,-0.086,0.062,0.114,-0.088,-0.062,0.07,-0.047,0.085,0.009,0.047,-0.069,-0.035,0.033,-0.068,-0.004,-0.13,-0.128,-0.007,-0.128,-0.084,0.046,-0.037,0.018,-0.013,0.043,0.026,-0.136,0.019,0.021,-0.066,-0.005,-0.177,-0.068,0.188,0.046,-0.048,-0.087,-0.002,-0.042,-0.079,-0.137,0.12,0.04,-0.047,0.102,0.05,-0.058,-0.061
-0.011,-0.007,0.058,-0.039,-0.005,-0.04,0.086,0.097,0.089,-0.044,0.073,0.065,-0.139,-0.002,-0.063,0.087,0.03,-0.048,-0.067,0.024,-0.098,-0.101,0.017,-0.106,-0.066,-0.063,0.076,0.079,0.073,-0.018,-0.161,-0.08,0.116,-0.058,-0.073,-0.109,0.042,0.133,0.044,-0.022,-0.087,-0.048,-0.116,-0.078,-0.051,0.096,0.111,0.092,-0.018,-0.051,0.088,-0.091,0.018,-0.16,0.04,-0.064,0.061,0.02,-0.041,-0.201,0.121,-0.016,-0.213,-0.028,0.039,-0.028,0.171,0.185,-0.114,0.032,0.046,0.221,0.052,-0.032,0.055,-0.1,0.048,0.046,0.055,0.012,-0.074,-0.001,0.087,0.067,0.056,0.103,-0.143,-0.092,-0.041,0.012,-0.061,0.019,-0.079,-0.01,0.027,-0.263,-0.142,-0.083,0.176,0.097,0.011,0.157,-0.118,-0.082,0.007,-0.057,-0.074,-0.045,0.029,0.242,0.127,0.122,-0.004,0.01,0.091,0.019,0.015,0.163,-0.022,-0.07
1411.225
0.099,-0.09,0.202,-0.094,-0.055,0.102,-0.069,-0.088,-0.111,0.061,-0.049,0.2,-0.003,0.144,0.065,-0.1,-0.039,0.016,0.029,-0.157,0.036,-0.081,-0.098,-0.076,-0.023,0.101,0.139,0.135,0.168,-0.223,-0.121,-0.08,-0.063,-0.124,0.05,-0.012,-0.251,-0.034,-0.04,0.074,-0.039,0.005,-0.013,-0.039,-0.059,-0.109,-0.019,0.103,-0.103,-0.008,0.064,-0.026,-0.017,0.125,0.039,-0.057,0.048,-0.039,-0.122,0.014,0.109,-0.081,-0.068,0.121,-0.094,0.039,0.014,0.007,0.145,0.024,0.009,0.006,-0.089,0.049,0.041,0.122,0.055,0.033,-0.032,-0.045,-0.124,0.114,0.005,-0.057,-0.208,-0.035,-0.059,-0.049,0.102,-0.004,0.057,-0.138,-0.097,0.126,0.13,0.069,0.049,0.014,-0.01,0.028,0.11,-0.068,0.091,-0.007,-0.018,-0.004,0.065,0.116,0.07,-0.159,-0.079,-0.078,-0.117,0.14,0.092,-0.005,0.115,-0.051,0.023,0.157
0.096,0.042,-0.124,-0.061,0.113,0.069,-0.039,-0.024,0.067,0.019,0.266,-0.081,0.195,-0.076,0.068,-0.155,-0.087,0.127,-0.043,-0.06,-0.023,-0.005,0.093,-0.058,0.02,0.049,0.165,0.015,-0.008,0.115,0.035,-0.103,0.023,0.008,0.237,-0.012,0.001,-0.148,0.075,0.009,-0.042,-0.118,-0.149,0.097,-0.087,-0.105,-0.104,-0.009,-0.085,0.027,0.065,-0.052,-0.106,0.062,0.169,-0.123,-0.002,0.065,-0.067,0.016,0.02,0.094,-0.031,0.002,-0.14,-0.162,-0.081,0.099,0.106,0.007,-0.131,0.031,0.043,-0.015,0.004,-0.027,0.021,-0.032,0.108,0.078,-0.031,0.052,0.047,0.076,-0.007,0.025,0.074,0.011,0.285,-0.098,-0.079,-0.018,0.067,-0.109,-0.098,-0.096,-0.034,-0.1,0.124,-0.149,0.051,0.011,-0.104,0.06,0.039,-0.153,0.027,0.19,0.085,0.005,-0.012,-0.064,-0.096,0.014,0.048,-0.124,-0.034,-0.052,-0.099,-0.001
1400.138
-0.132,-0.118,-0.037,-0.008,0.057,-0.109,0.007,-0.064,0.039,-0.011,0.097,0.027,-0.089,0.063,0.117,0.005,0.041,0.196,-0.016,-0.111,0.13,-0.098,0.125,-0.006,-0.006,-0.099,0.001,0.073,-0.067,0.008,0.026,0.141,-0.19,0.043,0.092,0.07,-0.038,0.211,-0.049,-0.005,0.024,0.129,0.019,-0.053,0.022,0.068,0.076,0.045,-0.072,-0.162,0.071,0.069,0.038,0.004,-0.098,-0.004,0.127,0.098,-0.034,-0.043,0.064,0.074,-0.045,-0.049,-0.213,-0.054,0.03,-0.055,0.186,0.079,-0.237,-0.197,0.029,0.079,-0.104,-0.106,-0.129,-0.01,0.08,0.072,0.002,0.139,-0.04,-0.043,-0.087,-0.064,0.09,0.043,-0.019,0.005,-0.035,0.008,0.058,-0.111,0.049,0.133,0.026,0.006,0.087,-0.068,-0.149,-0.037,0.035,-0.052,-0.156,-0.028,-0.036,-0.138,-0.013,0.172,0.051,-0.044,0.104,0.143,-0.068,-0.223,0.012,-0.106,0.054,0.004
-0.025,0.113,0.067,-0.052,0.062,0.192,0.018,-0.042,0.126,-0.125,0.15,-0.044,0.108,0.022,0.162,0.156,0.0,0.167,0.062,0.08,0.069,-0.005,0.012,0.076,-0.034,-0.054,-0.102,0.082,0.0,-0.079,0.143,-0.186,-0.083,-0.017,-0.164,0.105,-0.022,-0.035,-0.03,-0.109,-0.108,0.104,-0.168,0.025,-0.065,0.073,0.047,-0.077,-0.134,-0.025,-0.071,0.169,0.069,-0.001,-0.04,-0.119,-0.045,0.029,-0.024,0.141,-0.015,-0.128,-0.083,0.001,0.042,0.029,0.095,-0.069,-0.072,-0.156,-0.019,-0.025,0.047,0.105,-0.024,-0.021,-0.096,-0.033,0.076,0.099,0.036,-0.139,-0.078,0.158,0.109,-0.081,-0.038,0.054,-0.124,-0.068,0.125,0.055,-0.089,0.002,0.006,-0.003,0.06,-0.051,0.115,-0.058,-0.02,0.031,-0.121,-0.021,0.091,0.189,-0.081,-0.091,0.002,-0.013,0.053,0.135,-0.007,0.042,0.088,-0.053,-0.112,-0.274,-0.092,-0.051
1372.086
-0.037,-0.074,0.118,0.022,-0.037,-0.209,-0.04,-0.063,-0.145,0.054,0.075,0.005,-0.009,0.015,0.06,0.077,0.05,0.044,0.017,0.004,0.032,-0.117,-0.077,0.201,-0.014,0.134,-0.166,-0.064,0.059,-0.02,0.048,0.04,-0.032,-0.065,0.048,-0.086,0.036,-0.071,-0.109,-0.148,0.111,0.181,0.014,-0.034,-0.034,0.057,0.083,-0.025,0.092,-0.059,0.023,-0.018,-0.121,-0.171,0.049,-0.102,-0.059,0.033,-0.037,0.123,0.088,0.037,-0.077,0.042,-0.09,-0.204,0.004,0.012,-0.042,0.088,0.011,-0.057,0.004,0.092,0.126,0.066,0.007,0.139,-0.026,0.128,0.083,0.066,0.093,-0.031,0.228,-0.1,0.162,-0.12,-0.128,-0.031,-0.052,-0.081,-0.135,0.068,-0.126,-0.069,0.01,0.06,-0.03,-0.03,-0.092,-0.025,0.125,0.147,0.19,-0.197,-0.006,-0.013,0.063,0.03,-0.143,0.052,-0.098,-0.033,0.023,0.173,-0.038,-0.03,-0.074,0.137
0.112,0.02,-0.197,0.133,0.048,0.159,-0.043,-0.192,-0.083,0.115,-0.022,-0.053,0.024,0.049,0.022,0.058,-0.13,0.003,-0.001,0.081,0.025,0.02,0.115,-0.042,0.022,-0.123,-0.016,0.086,0.024,0.006,-0.054,0.06,0.123,0.069,0.046,-0.166,-0.179,0.046,-0.057,-0.209,-0.123,-0.116,-0.011,-0.057,-0.056,0.026,0.223,-0.113,-0.066,-0.043,-0.041,-0.063,0.092,-0.088,-0.046,0.202,-0.035,-0.016,0.013,-0.09,-0.076,-0.057,0.034,0.002,-0.204,0.031,0.134,0.097,-0.035,0.112,0.057,0.047,-0.026,0.049,-0.177,0.204,-0.15,0.052,0.001,0.036,0.123,0.082,0.051,0.005,-0.174,0.031,-0.014,-0.041,0.045,-0.026,-0.124,-0.076,-0.004,0.105,0.017,0.103,0.007,0.034,-0.011,-0.041,0.019,0.018,0.029,0.088,0.093,0.14,-0.067,0.087,-0.173,0.164,-0.009,-0.079,0.021,-0.018,0.053,0.001,-0.135,-0.063,-0.01,0.091
1359.953
-0.105,0.183,-0.018,-0.132,-0.128,0.1,-0.057,0.132,0.149,-0.02,0.019,-0.168,0.112,0.009,0.088,0.195,0.003,-0.132,0.093,0.076,0.042,0.164,-0.047,-0.015,-0.002,-0.024,0.054,-0.201,-0.171,0.046,0.047,-0.047,-0.077,-0.047,0.038,-0.076,0.165,0.03,0.176,0.021,-0.116,0.022,0.003,-0.144,-0.128,-0.1,-0.052,0.023,0.027,-0.065,-0.007,-0.057,-0.079,0.011,0.119,-0.007,0.069,-0.087,-0.041,0.054,0.132,-0.033,0.14,-0.032,-0.234,0.01,-0.004,0.052,-0.019,0.104,0.026,0.02,-0.17,0.138,0.048,-0.003,-0.007,0.119,-0.018,-0.128,-0.043,0.032,-0.162,-0.088,0.009,-0.071,0.07,0.039,0.089,-0.033,-0.109,0.024,-0.048,-0.093,0.137,0.17,0.099,-0.105,0.06,-0.014,-0.03,-0.079,0.131,0.082,0.018,0.037,0.052,0.01,-0.015,0.076,-0.017,-0.157,-0.144,-0.045,0.093,-0.015,-0.021,-0.019,-0.075,0.074
-0.072,-0.025,-0.038,-0.082,-0.08,0.032,-0.009,-0.033,-0.054,0.105,0.016,-0.047,-0.187,-0.069,0.129,0.085,0.0,0.141,0.029,-0.104,-0.106,-0.043,-0.117,-0.098,-0.073,-0.237,0.093,-0.052,0.033,-0.129,0.013,0.102,0.134,0.142,0.076,0.13,0.004,0.098,-0.006,0.052,0.053,0.0,-0.058,0.049,0.081,-0.084,0.081,0.023,-0.12,-0.028,0.114,0.018,-0.048,0.09,-0.142,-0.018,0.037,-0.061,0.125,0.13,-0.101,-0.069,0.099,-0.194,0.014,0.03,0.1,-0.06,-0.053,-0.096,-0.007,-0.143,0.057,-0.052,0.083,-0.037,0.197,0.06,0.083,0.023,-0.151,0.042,-0.004,0.063,0.055,0.166,0.01,-0.119,0.012,-0.007,-0.001,-0.164,0.148,0.222,-0.062,0.035,0.073,0.042,-0.035,-0.072,0.01,0.032,-0.098,-0.091,0.149,-0.013,-0.005,0.028,0.006,0.094,-0.127,0.014,-0.116,0.199,-0.065,-0.182,-0.04,0.053,0.05,0.012
